AP_20130322	98	99	5
AP_20130322	140	143	1
AP_20130322	306	308	2
AP_20130322	192	187	3
AP_20130322	76	78	3
AP_20130322	216	288	0
AP_20130322	294	308	3
AP_20130322	36	41	4
AP_20130322	294	296	4
AP_20130322	268	273	4
AP_20130322	24	26	2
AP_20130322	117	119	2
AP_20130322	117	121	0
bbc_20130322_1150	55	66	3
bbc_20130322_1150	150	153	1
bbc_20130322_1150	27	31	6
bbc_20130322_1150	10	13	6
bbc_20130322_1150	392	395	0
bbc_20130322_1150	285	289	4
bbc_20130322_1150	349	351	4
bbc_20130322_1150	158	161	0
bbc_20130322_1150	139	135	3
bbc_20130322_1150	462	463	4
bbc_20130322_1150	375	371	0
bbc_20130322_1150	419	421	4
bbc_20130322_1353	116	110	4
bbc_20130322_1353	245	249	5
bbc_20130322_1353	212	221	0
bbc_20130322_1353	159	165	4
bbc_20130322_1600	69	76	0
bbc_20130322_1600	122	136	3
bbc_20130322_1600	114	110	2
bbc_20130322_1600	128	136	2
bbc_20130322_332	84	88	6
bbc_20130322_332	56	71	3
bbc_20130322_332	233	228	5
bbc_20130322_332	58	71	4
bbc_20130322_332	317	321	6
bbc_20130322_332	189	185	3
bbc_20130322_332	161	159	3
bbc_20130322_332	8	152	0
bbc_20130322_332	8	150	0
bbc_20130322_721	119	125	5
bbc_20130322_721	129	135	5
bbc_20130322_721	129	125	5
CNN_20130321_821	87	82	0
CNN_20130322_1003	250	253	4
CNN_20130322_1003	393	395	5
CNN_20130322_1003	14	20	3
CNN_20130322_1003	104	98	2
CNN_20130322_1003	264	269	5
CNN_20130322_1003	165	169	4
CNN_20130322_1003	43	51	0
CNN_20130322_1003	309	311	5
CNN_20130322_1003	454	459	0
CNN_20130322_1003	9	12	3
CNN_20130322_1003	67	62	0
CNN_20130322_1003	428	431	4
CNN_20130322_1003	335	330	3
CNN_20130322_1003	323	330	4
CNN_20130322_1003	188	187	3
CNN_20130322_1003	447	459	5
CNN_20130322_1003	77	62	1
CNN_20130322_1003	44	51	1
CNN_20130322_1243	3	10	1
CNN_20130322_1243	9	10	5
CNN_20130322_248	43	45	6
CNN_20130322_248	75	73	4
CNN_20130322_248	111	123	0
CNN_20130322_248	5	4	5
CNN_20130322_248	36	33	1
CNN_20130322_314	79	98	0
CNN_20130322_314	120	123	0
CNN_20130322_314	103	98	1
CNN_20130322_314	4	9	6
CNN_20130322_314	11	9	4
CNN_20130322_314	31	29	3
nyt_20130321_china_pollution	40	9	0
nyt_20130321_china_pollution	215	223	4
nyt_20130321_china_pollution	184	160	3
nyt_20130321_china_pollution	184	197	1
nyt_20130321_china_pollution	167	160	1
nyt_20130321_china_pollution	407	409	0
nyt_20130321_china_pollution	23	9	0
nyt_20130321_china_pollution	355	345	0
nyt_20130321_china_pollution	101	104	3
nyt_20130321_china_pollution	5	9	1
nyt_20130321_china_pollution	343	345	0
nyt_20130321_china_pollution	414	415	0
nyt_20130321_china_pollution	7	9	4
nyt_20130321_china_pollution	278	272	1
nyt_20130321_china_pollution	337	345	1
nyt_20130321_china_pollution	320	315	5
nyt_20130321_cyprus	173	174	5
nyt_20130321_cyprus	377	386	4
nyt_20130321_cyprus	613	614	5
nyt_20130321_cyprus	249	251	2
nyt_20130321_cyprus	244	251	0
nyt_20130321_cyprus	724	728	5
nyt_20130321_cyprus	381	386	3
nyt_20130321_sarkozy	6	7	5
nyt_20130321_sarkozy	135	139	6
nyt_20130321_sarkozy	46	44	1
nyt_20130321_women_senate	309	312	4
nyt_20130321_women_senate	6	89	0
nyt_20130321_women_senate	388	390	5
nyt_20130321_women_senate	191	198	0
nyt_20130321_women_senate	555	570	1
nyt_20130321_women_senate	254	258	0
nyt_20130321_women_senate	594	584	4
nyt_20130321_women_senate	109	89	4
nyt_20130321_women_senate	146	138	4
nyt_20130321_women_senate	6	1	1
nyt_20130321_women_senate	156	159	0
nyt_20130321_women_senate	180	178	0
nyt_20130321_women_senate	87	89	0
nyt_20130321_women_senate	109	92	2
nyt_20130322_strange_computer	138	152	5
nyt_20130322_strange_computer	156	133	0
nyt_20130322_strange_computer	281	313	1
nyt_20130322_strange_computer	241	242	3
WSJ_20130318_731	96	97	6
WSJ_20130318_731	127	129	4
WSJ_20130318_731	11	8	4
WSJ_20130318_731	50	37	2
WSJ_20130318_731	252	248	0
WSJ_20130321_1145	132	131	5
WSJ_20130321_1145	307	308	0
WSJ_20130321_1145	248	243	1
WSJ_20130321_1145	313	315	1
WSJ_20130321_1145	190	184	1
WSJ_20130321_1145	68	70	0
WSJ_20130321_1145	207	209	0
WSJ_20130321_1145	63	70	4
WSJ_20130321_1145	313	308	0
WSJ_20130321_1145	289	291	3
WSJ_20130321_1145	112	114	3
WSJ_20130321_1145	284	276	0
WSJ_20130322_159	141	143	4
WSJ_20130322_159	358	361	2
WSJ_20130322_159	272	288	2
WSJ_20130322_159	6	8	6
WSJ_20130322_159	283	288	5
WSJ_20130322_159	318	321	5
WSJ_20130322_804	279	280	3
WSJ_20130322_804	187	193	6
WSJ_20130322_804	81	83	1
WSJ_20130322_804	140	139	1
WSJ_20130322_804	147	139	3
WSJ_20130322_804	16	18	6
nyt_20130321_cyprus	173	174	5
nyt_20130321_cyprus	377	386	4
nyt_20130321_cyprus	613	614	5
nyt_20130321_cyprus	249	251	2
nyt_20130321_cyprus	244	251	0
nyt_20130321_cyprus	724	728	5
nyt_20130321_cyprus	381	386	3
bbc_20130322_332	84	88	6
bbc_20130322_332	56	71	3
bbc_20130322_332	233	228	5
bbc_20130322_332	58	71	4
bbc_20130322_332	317	321	6
bbc_20130322_332	189	185	3
bbc_20130322_332	161	159	3
bbc_20130322_332	8	152	0
bbc_20130322_332	8	150	0
nyt_20130321_women_senate	309	312	4
nyt_20130321_women_senate	6	89	0
nyt_20130321_women_senate	388	390	5
nyt_20130321_women_senate	191	198	0
nyt_20130321_women_senate	555	570	1
nyt_20130321_women_senate	254	258	0
nyt_20130321_women_senate	594	584	4
nyt_20130321_women_senate	109	89	4
nyt_20130321_women_senate	146	138	4
nyt_20130321_women_senate	6	1	1
nyt_20130321_women_senate	156	159	0
nyt_20130321_women_senate	180	178	0
nyt_20130321_women_senate	87	89	0
nyt_20130321_women_senate	109	92	2
WSJ_20130318_731	96	97	6
WSJ_20130318_731	127	129	4
WSJ_20130318_731	11	8	4
WSJ_20130318_731	50	37	2
WSJ_20130318_731	252	248	0
CNN_20130322_1243	3	10	1
CNN_20130322_1243	9	10	5
bbc_20130322_721	119	125	5
bbc_20130322_721	129	135	5
bbc_20130322_721	129	125	5
WSJ_20130322_159	141	143	4
WSJ_20130322_159	358	361	2
WSJ_20130322_159	272	288	2
WSJ_20130322_159	6	8	6
WSJ_20130322_159	283	288	5
WSJ_20130322_159	318	321	5
nyt_20130322_strange_computer	138	152	5
nyt_20130322_strange_computer	156	133	0
nyt_20130322_strange_computer	281	313	1
nyt_20130322_strange_computer	241	242	3
bbc_20130322_1353	116	110	4
bbc_20130322_1353	245	249	5
bbc_20130322_1353	212	221	0
bbc_20130322_1353	159	165	4
nyt_20130321_china_pollution	40	9	0
nyt_20130321_china_pollution	215	223	4
nyt_20130321_china_pollution	184	160	3
nyt_20130321_china_pollution	184	197	1
nyt_20130321_china_pollution	167	160	1
nyt_20130321_china_pollution	407	409	0
nyt_20130321_china_pollution	23	9	0
nyt_20130321_china_pollution	355	345	0
nyt_20130321_china_pollution	101	104	3
nyt_20130321_china_pollution	5	9	1
nyt_20130321_china_pollution	343	345	0
nyt_20130321_china_pollution	414	415	0
nyt_20130321_china_pollution	7	9	4
nyt_20130321_china_pollution	278	272	1
nyt_20130321_china_pollution	337	345	1
nyt_20130321_china_pollution	320	315	5
CNN_20130321_821	87	82	0
bbc_20130322_1150	55	66	3
bbc_20130322_1150	150	153	1
bbc_20130322_1150	27	31	6
bbc_20130322_1150	10	13	6
bbc_20130322_1150	392	395	0
bbc_20130322_1150	285	289	4
bbc_20130322_1150	349	351	4
bbc_20130322_1150	158	161	0
bbc_20130322_1150	139	135	3
bbc_20130322_1150	462	463	4
bbc_20130322_1150	375	371	0
bbc_20130322_1150	419	421	4
CNN_20130322_248	43	45	6
CNN_20130322_248	75	73	4
CNN_20130322_248	111	123	0
CNN_20130322_248	5	4	5
CNN_20130322_248	36	33	1
CNN_20130322_314	79	98	0
CNN_20130322_314	120	123	0
CNN_20130322_314	103	98	1
CNN_20130322_314	4	9	6
CNN_20130322_314	11	9	4
CNN_20130322_314	31	29	3
WSJ_20130321_1145	132	131	5
WSJ_20130321_1145	307	308	0
WSJ_20130321_1145	248	243	1
WSJ_20130321_1145	313	315	1
WSJ_20130321_1145	190	184	1
WSJ_20130321_1145	68	70	0
WSJ_20130321_1145	207	209	0
WSJ_20130321_1145	63	70	4
WSJ_20130321_1145	313	308	0
WSJ_20130321_1145	289	291	3
WSJ_20130321_1145	112	114	3
WSJ_20130321_1145	284	276	0
nyt_20130321_sarkozy	6	7	5
nyt_20130321_sarkozy	135	139	6
nyt_20130321_sarkozy	46	44	1
WSJ_20130322_804	279	280	3
WSJ_20130322_804	187	193	6
WSJ_20130322_804	81	83	1
WSJ_20130322_804	140	139	1
WSJ_20130322_804	147	139	3
WSJ_20130322_804	16	18	6
CNN_20130322_1003	250	253	4
CNN_20130322_1003	393	395	5
CNN_20130322_1003	14	20	3
CNN_20130322_1003	104	98	2
CNN_20130322_1003	264	269	5
CNN_20130322_1003	165	169	4
CNN_20130322_1003	43	51	0
CNN_20130322_1003	309	311	5
CNN_20130322_1003	454	459	0
CNN_20130322_1003	9	12	3
CNN_20130322_1003	67	62	0
CNN_20130322_1003	428	431	4
CNN_20130322_1003	335	330	3
CNN_20130322_1003	323	330	4
CNN_20130322_1003	188	187	3
CNN_20130322_1003	447	459	5
CNN_20130322_1003	77	62	1
CNN_20130322_1003	44	51	1
bbc_20130322_1600	69	76	0
bbc_20130322_1600	122	136	3
bbc_20130322_1600	114	110	2
bbc_20130322_1600	128	136	2
AP_20130322	98	99	5
AP_20130322	140	143	1
AP_20130322	306	308	2
AP_20130322	192	187	3
AP_20130322	76	78	3
AP_20130322	216	288	0
AP_20130322	294	308	3
AP_20130322	36	41	4
AP_20130322	294	296	4
AP_20130322	268	273	4
AP_20130322	24	26	2
AP_20130322	117	119	2
AP_20130322	117	121	0
