AP_20130322	185	201	0
AP_20130322	171	185	3
AP_20130322	216	338	0
AP_20130322	24	32	1
AP_20130322	331	342	4
AP_20130322	76	91	2
AP_20130322	24	36	2
AP_20130322	91	98	6
AP_20130322	328	342	3
AP_20130322	45	60	3
AP_20130322	3	11	0
AP_20130322	294	320	2
AP_20130322	216	293	0
AP_20130322	268	294	0
AP_20130322	117	126	1
AP_20130322	181	185	2
AP_20130322	45	91	0
AP_20130322	165	185	3
AP_20130322	3	216	0
AP_20130322	24	45	2
bbc_20130322_1150	121	122	1
bbc_20130322_1150	94	111	1
bbc_20130322_1150	197	208	0
bbc_20130322_1150	291	322	1
bbc_20130322_1150	419	425	2
bbc_20130322_1150	10	332	0
bbc_20130322_1150	139	177	0
bbc_20130322_1150	139	150	1
bbc_20130322_1150	354	385	1
bbc_20130322_1150	139	158	3
bbc_20130322_1150	27	55	2
bbc_20130322_1150	354	366	1
bbc_20130322_1150	185	197	1
bbc_20130322_1150	208	224	1
bbc_20130322_1150	75	87	2
bbc_20130322_1150	349	354	0
bbc_20130322_1150	10	15	3
bbc_20130322_1150	322	349	0
bbc_20130322_1150	15	441	0
bbc_20130322_1150	94	106	3
bbc_20130322_1150	15	399	0
bbc_20130322_1150	121	139	1
bbc_20130322_1150	94	121	2
bbc_20130322_1150	441	447	0
bbc_20130322_1150	385	425	0
bbc_20130322_1150	385	399	2
bbc_20130322_1150	425	462	0
bbc_20130322_1150	191	197	1
bbc_20130322_1150	55	75	2
bbc_20130322_1150	354	378	2
bbc_20130322_1150	139	147	3
bbc_20130322_1150	197	203	1
bbc_20130322_1150	285	291	2
bbc_20130322_1150	75	94	2
bbc_20130322_1150	10	375	0
bbc_20130322_1150	15	27	1
bbc_20130322_1150	208	230	1
bbc_20130322_1150	94	99	1
bbc_20130322_1150	15	408	0
bbc_20130322_1353	206	212	4
bbc_20130322_1353	178	202	2
bbc_20130322_1353	92	95	4
bbc_20130322_1353	74	84	4
bbc_20130322_1353	67	97	0
bbc_20130322_1353	178	191	2
bbc_20130322_1353	6	18	1
bbc_20130322_1353	152	157	5
bbc_20130322_1353	32	37	0
bbc_20130322_1353	178	197	2
bbc_20130322_1353	67	71	3
bbc_20130322_1353	42	51	3
bbc_20130322_1353	254	263	5
bbc_20130322_1353	116	138	2
bbc_20130322_1353	6	26	3
bbc_20130322_1353	245	254	4
bbc_20130322_1353	116	120	4
bbc_20130322_1353	95	97	0
bbc_20130322_1353	67	74	1
bbc_20130322_1353	76	84	5
bbc_20130322_1353	6	16	2
bbc_20130322_1353	202	212	3
bbc_20130322_1353	138	226	0
bbc_20130322_1353	226	227	3
bbc_20130322_1353	74	76	4
bbc_20130322_1353	191	197	3
bbc_20130322_1353	226	254	0
bbc_20130322_1353	26	152	0
bbc_20130322_1353	74	92	1
bbc_20130322_1353	138	159	2
bbc_20130322_1353	42	60	2
bbc_20130322_1353	42	67	2
bbc_20130322_1353	6	67	1
bbc_20130322_1353	92	116	2
bbc_20130322_1353	6	32	2
bbc_20130322_1353	18	26	3
bbc_20130322_1353	12	18	0
bbc_20130322_1353	6	34	2
bbc_20130322_1353	178	179	0
bbc_20130322_1353	138	152	4
bbc_20130322_1353	202	226	0
bbc_20130322_1353	226	232	1
bbc_20130322_1353	202	207	1
bbc_20130322_1353	202	206	4
bbc_20130322_1353	138	178	2
bbc_20130322_1600	122	158	1
bbc_20130322_1600	189	198	2
bbc_20130322_1600	40	43	3
bbc_20130322_1600	152	158	2
bbc_20130322_1600	179	198	0
bbc_20130322_1600	52	59	4
bbc_20130322_1600	2	5	0
bbc_20130322_1600	107	122	2
bbc_20130322_1600	122	144	2
bbc_20130322_1600	158	198	2
bbc_20130322_1600	122	128	1
bbc_20130322_1600	107	114	3
bbc_20130322_1600	4	107	0
bbc_20130322_1600	52	62	3
bbc_20130322_1600	122	126	3
bbc_20130322_1600	40	52	1
bbc_20130322_1600	52	74	2
bbc_20130322_1600	2	40	0
bbc_20130322_1600	2	15	0
bbc_20130322_332	5	22	2
bbc_20130322_332	142	181	1
bbc_20130322_332	268	313	0
bbc_20130322_332	268	310	0
bbc_20130322_332	268	296	0
bbc_20130322_332	275	307	0
bbc_20130322_332	268	298	1
bbc_20130322_332	275	303	3
bbc_20130322_332	56	58	3
bbc_20130322_332	119	142	2
bbc_20130322_332	30	33	5
bbc_20130322_332	30	35	2
bbc_20130322_332	181	189	1
bbc_20130322_332	206	214	0
bbc_20130322_332	161	181	3
bbc_20130322_332	142	155	2
bbc_20130322_332	30	56	2
bbc_20130322_332	84	94	3
bbc_20130322_332	119	123	4
bbc_20130322_332	56	84	2
bbc_20130322_332	233	268	1
bbc_20130322_332	275	313	0
bbc_20130322_332	5	30	2
bbc_20130322_332	268	303	0
bbc_20130322_332	268	307	0
bbc_20130322_332	5	15	3
bbc_20130322_332	223	233	0
bbc_20130322_332	94	98	3
bbc_20130322_332	5	8	3
bbc_20130322_332	30	50	0
bbc_20130322_332	317	329	1
bbc_20130322_332	275	310	0
bbc_20130322_332	206	268	0
bbc_20130322_332	94	104	2
bbc_20130322_332	329	339	2
bbc_20130322_332	142	148	3
bbc_20130322_332	206	223	1
bbc_20130322_332	94	119	2
bbc_20130322_332	329	334	4
bbc_20130322_332	329	337	2
bbc_20130322_332	119	135	2
bbc_20130322_332	123	133	2
bbc_20130322_332	119	133	3
bbc_20130322_332	275	296	4
bbc_20130322_332	275	298	2
bbc_20130322_332	233	255	2
bbc_20130322_332	233	235	3
bbc_20130322_332	329	357	0
bbc_20130322_721	195	221	0
bbc_20130322_721	30	43	2
bbc_20130322_721	7	30	2
bbc_20130322_721	195	203	5
bbc_20130322_721	119	145	0
bbc_20130322_721	143	148	3
bbc_20130322_721	43	58	2
bbc_20130322_721	7	129	0
bbc_20130322_721	46	52	0
bbc_20130322_721	117	129	2
bbc_20130322_721	195	231	1
bbc_20130322_721	117	119	3
bbc_20130322_721	221	231	3
bbc_20130322_721	169	177	2
bbc_20130322_721	129	145	0
bbc_20130322_721	214	231	2
bbc_20130322_721	43	46	3
bbc_20130322_721	30	33	0
bbc_20130322_721	7	145	0
bbc_20130322_721	177	179	1
bbc_20130322_721	112	114	0
bbc_20130322_721	177	195	1
CNN_20130321_821	63	87	2
CNN_20130321_821	87	101	1
CNN_20130321_821	134	136	3
CNN_20130321_821	87	158	0
CNN_20130321_821	4	48	0
CNN_20130321_821	48	63	0
CNN_20130322_1003	9	28	2
CNN_20130322_1003	195	217	0
CNN_20130322_1003	367	378	2
CNN_20130322_1003	367	372	1
CNN_20130322_1003	222	250	2
CNN_20130322_1003	323	350	1
CNN_20130322_1003	428	447	0
CNN_20130322_1003	200	217	1
CNN_20130322_1003	80	112	1
CNN_20130322_1003	153	161	3
CNN_20130322_1003	503	506	2
CNN_20130322_1003	80	93	3
CNN_20130322_1003	464	483	2
CNN_20130322_1003	104	112	4
CNN_20130322_1003	222	229	2
CNN_20130322_1003	476	483	3
CNN_20130322_1003	190	217	2
CNN_20130322_1003	360	367	3
CNN_20130322_1003	506	527	2
CNN_20130322_1003	350	360	1
CNN_20130322_1003	250	264	2
CNN_20130322_1003	523	527	1
CNN_20130322_1003	188	217	2
CNN_20130322_1003	130	284	0
CNN_20130322_1003	43	44	3
CNN_20130322_1003	161	165	1
CNN_20130322_1003	112	132	1
CNN_20130322_1003	112	117	3
CNN_20130322_1003	112	119	2
CNN_20130322_1003	345	350	3
CNN_20130322_1003	14	28	2
CNN_20130322_1003	136	161	2
CNN_20130322_1003	302	307	0
CNN_20130322_1003	7	28	2
CNN_20130322_1003	513	527	2
CNN_20130322_1003	309	323	3
CNN_20130322_1003	393	399	6
CNN_20130322_1003	393	428	1
CNN_20130322_1003	447	454	0
CNN_20130322_1003	43	80	1
CNN_20130322_1003	399	409	0
CNN_20130322_1003	468	483	2
CNN_20130322_1003	447	483	1
CNN_20130322_1003	67	80	0
CNN_20130322_1003	367	375	0
CNN_20130322_1003	483	506	2
CNN_20130322_1003	302	323	1
CNN_20130322_1003	428	436	1
CNN_20130322_1003	161	217	0
CNN_20130322_1003	281	287	1
CNN_20130322_1003	281	284	0
CNN_20130322_1003	250	255	2
CNN_20130322_1003	93	104	0
CNN_20130322_1003	112	161	1
CNN_20130322_1003	250	258	2
CNN_20130322_1003	28	161	0
CNN_20130322_1003	277	302	2
CNN_20130322_1003	287	290	0
CNN_20130322_1003	511	527	2
CNN_20130322_1003	360	365	5
CNN_20130322_1003	28	43	2
CNN_20130322_1003	277	284	2
CNN_20130322_1003	277	287	3
CNN_20130322_1003	277	281	1
CNN_20130322_1003	250	277	2
CNN_20130322_1243	383	430	1
CNN_20130322_1243	430	438	1
CNN_20130322_1243	359	370	2
CNN_20130322_1243	445	461	0
CNN_20130322_1243	473	486	4
CNN_20130322_1243	383	393	2
CNN_20130322_248	5	28	2
CNN_20130322_248	75	78	2
CNN_20130322_248	5	56	0
CNN_20130322_248	56	58	3
CNN_20130322_248	43	50	3
CNN_20130322_248	78	81	3
CNN_20130322_248	56	60	1
CNN_20130322_248	5	20	3
CNN_20130322_248	56	68	1
CNN_20130322_248	8	18	0
CNN_20130322_248	50	56	1
CNN_20130322_248	5	8	4
CNN_20130322_248	143	152	2
CNN_20130322_248	28	30	3
CNN_20130322_248	36	50	1
CNN_20130322_248	82	89	2
CNN_20130322_248	111	152	2
CNN_20130322_248	5	50	1
CNN_20130322_248	5	75	0
CNN_20130322_314	11	17	3
CNN_20130322_314	132	135	2
CNN_20130322_314	132	137	3
CNN_20130322_314	181	206	0
CNN_20130322_314	132	151	1
CNN_20130322_314	181	192	2
CNN_20130322_314	151	181	1
CNN_20130322_314	197	206	3
CNN_20130322_314	4	17	2
CNN_20130322_314	4	33	2
CNN_20130322_314	4	57	1
CNN_20130322_314	151	157	0
CNN_20130322_314	24	157	0
CNN_20130322_314	4	11	4
CNN_20130322_314	4	14	2
CNN_20130322_314	206	210	3
CNN_20130322_314	57	75	1
CNN_20130322_314	24	57	0
CNN_20130322_314	4	31	2
CNN_20130322_314	181	185	3
CNN_20130322_314	181	188	4
CNN_20130322_314	49	57	2
CNN_20130322_314	4	24	3
CNN_20130322_314	120	132	2
CNN_20130322_314	206	228	0
CNN_20130322_314	75	120	2
CNN_20130322_314	24	75	0
CNN_20130322_314	75	107	2
CNN_20130322_314	11	24	2
CNN_20130322_314	75	85	5
CNN_20130322_314	75	103	3
nyt_20130321_china_pollution	167	175	1
nyt_20130321_china_pollution	262	294	1
nyt_20130321_china_pollution	320	368	1
nyt_20130321_china_pollution	99	101	5
nyt_20130321_china_pollution	81	84	4
nyt_20130321_china_pollution	325	392	0
nyt_20130321_china_pollution	130	145	2
nyt_20130321_china_pollution	130	142	3
nyt_20130321_china_pollution	23	24	3
nyt_20130321_china_pollution	392	407	0
nyt_20130321_china_pollution	368	382	2
nyt_20130321_china_pollution	325	368	0
nyt_20130321_china_pollution	40	44	3
nyt_20130321_china_pollution	23	40	2
nyt_20130321_china_pollution	40	46	1
nyt_20130321_china_pollution	294	301	3
nyt_20130321_china_pollution	175	209	2
nyt_20130321_china_pollution	40	48	2
nyt_20130321_china_pollution	130	156	2
nyt_20130321_china_pollution	130	175	2
nyt_20130321_china_pollution	294	320	1
nyt_20130321_china_pollution	130	135	3
nyt_20130321_china_pollution	294	306	2
nyt_20130321_china_pollution	99	111	3
nyt_20130321_china_pollution	130	153	1
nyt_20130321_china_pollution	175	184	4
nyt_20130321_china_pollution	355	368	3
nyt_20130321_china_pollution	368	370	3
nyt_20130321_china_pollution	320	337	1
nyt_20130321_china_pollution	7	23	2
nyt_20130321_china_pollution	209	215	4
nyt_20130321_china_pollution	278	294	1
nyt_20130321_china_pollution	337	340	0
nyt_20130321_cyprus	88	98	1
nyt_20130321_cyprus	3	31	0
nyt_20130321_cyprus	589	594	0
nyt_20130321_cyprus	3	19	0
nyt_20130321_cyprus	467	472	0
nyt_20130321_cyprus	613	674	1
nyt_20130321_cyprus	613	656	4
nyt_20130321_cyprus	267	290	4
nyt_20130321_cyprus	181	238	0
nyt_20130321_cyprus	688	692	0
nyt_20130321_cyprus	308	314	1
nyt_20130321_cyprus	512	538	0
nyt_20130321_cyprus	290	306	2
nyt_20130321_cyprus	290	300	3
nyt_20130321_cyprus	340	369	1
nyt_20130321_cyprus	290	340	1
nyt_20130321_cyprus	538	559	0
nyt_20130321_cyprus	692	713	1
nyt_20130321_cyprus	173	181	2
nyt_20130321_cyprus	567	594	1
nyt_20130321_cyprus	67	93	2
nyt_20130321_cyprus	583	589	0
nyt_20130321_cyprus	11	67	0
nyt_20130321_cyprus	67	98	2
nyt_20130321_cyprus	681	688	2
nyt_20130321_cyprus	240	244	0
nyt_20130321_cyprus	708	713	0
nyt_20130321_cyprus	692	724	1
nyt_20130321_cyprus	377	381	4
nyt_20130321_cyprus	282	290	3
nyt_20130321_cyprus	559	562	0
nyt_20130321_cyprus	340	688	0
nyt_20130321_cyprus	67	72	0
nyt_20130321_cyprus	93	98	2
nyt_20130321_cyprus	67	77	4
nyt_20130321_cyprus	340	567	0
nyt_20130321_cyprus	11	54	1
nyt_20130321_cyprus	567	599	2
nyt_20130321_cyprus	538	545	2
nyt_20130321_cyprus	290	314	2
nyt_20130321_cyprus	674	688	2
nyt_20130321_cyprus	340	371	0
nyt_20130321_cyprus	512	517	0
nyt_20130321_cyprus	340	517	0
nyt_20130321_cyprus	679	688	3
nyt_20130321_cyprus	599	602	4
nyt_20130321_cyprus	334	340	2
nyt_20130321_cyprus	369	396	2
nyt_20130321_cyprus	369	377	2
nyt_20130321_cyprus	67	88	1
nyt_20130321_cyprus	567	583	3
nyt_20130321_sarkozy	6	125	0
nyt_20130321_sarkozy	89	119	2
nyt_20130321_sarkozy	125	135	2
nyt_20130321_sarkozy	51	89	2
nyt_20130321_sarkozy	125	138	1
nyt_20130321_sarkozy	89	93	3
nyt_20130321_sarkozy	119	125	1
nyt_20130321_sarkozy	51	52	4
nyt_20130321_sarkozy	6	40	2
nyt_20130321_sarkozy	14	18	3
nyt_20130321_sarkozy	89	100	2
nyt_20130321_sarkozy	6	51	2
nyt_20130321_sarkozy	125	151	2
nyt_20130321_sarkozy	125	152	2
nyt_20130321_sarkozy	6	18	2
nyt_20130321_sarkozy	119	122	6
nyt_20130321_sarkozy	6	11	3
nyt_20130321_women_senate	594	599	3
nyt_20130321_women_senate	45	65	4
nyt_20130321_women_senate	123	165	0
nyt_20130321_women_senate	594	613	2
nyt_20130321_women_senate	188	191	0
nyt_20130321_women_senate	59	65	4
nyt_20130321_women_senate	445	471	2
nyt_20130321_women_senate	516	522	0
nyt_20130321_women_senate	516	524	2
nyt_20130321_women_senate	364	380	1
nyt_20130321_women_senate	309	317	2
nyt_20130321_women_senate	156	165	0
nyt_20130321_women_senate	359	364	3
nyt_20130321_women_senate	116	123	3
nyt_20130321_women_senate	289	291	2
nyt_20130321_women_senate	553	578	2
nyt_20130321_women_senate	553	572	2
nyt_20130321_women_senate	289	298	2
nyt_20130321_women_senate	388	398	2
nyt_20130321_women_senate	388	420	0
nyt_20130321_women_senate	594	604	2
nyt_20130321_women_senate	553	594	1
nyt_20130321_women_senate	483	496	2
nyt_20130321_women_senate	109	123	1
nyt_20130321_women_senate	10	19	1
nyt_20130321_women_senate	516	518	3
nyt_20130321_women_senate	65	76	1
nyt_20130321_women_senate	553	555	1
nyt_20130321_women_senate	19	26	3
nyt_20130321_women_senate	351	364	1
nyt_20130321_women_senate	19	65	1
nyt_20130321_women_senate	613	617	0
nyt_20130321_women_senate	146	165	1
nyt_20130321_women_senate	317	327	1
nyt_20130322_strange_computer	252	263	2
nyt_20130322_strange_computer	208	219	2
nyt_20130322_strange_computer	208	241	1
nyt_20130322_strange_computer	156	173	0
nyt_20130322_strange_computer	127	129	3
nyt_20130322_strange_computer	36	44	2
nyt_20130322_strange_computer	183	208	1
nyt_20130322_strange_computer	252	281	2
nyt_20130322_strange_computer	252	261	2
nyt_20130322_strange_computer	156	162	0
nyt_20130322_strange_computer	296	300	1
nyt_20130322_strange_computer	208	221	2
nyt_20130322_strange_computer	252	256	3
nyt_20130322_strange_computer	208	252	1
nyt_20130322_strange_computer	138	156	0
nyt_20130322_strange_computer	156	168	0
nyt_20130322_strange_computer	208	228	2
WSJ_20130318_731	213	220	3
WSJ_20130318_731	4	50	1
WSJ_20130318_731	116	133	3
WSJ_20130318_731	116	119	4
WSJ_20130318_731	4	11	5
WSJ_20130318_731	184	252	0
WSJ_20130318_731	50	60	1
WSJ_20130318_731	11	19	2
WSJ_20130318_731	208	213	3
WSJ_20130318_731	133	144	2
WSJ_20130318_731	60	96	2
WSJ_20130318_731	174	184	0
WSJ_20130318_731	133	160	2
WSJ_20130318_731	116	127	2
WSJ_20130318_731	239	252	0
WSJ_20130318_731	184	190	1
WSJ_20130318_731	60	72	2
WSJ_20130318_731	184	196	1
WSJ_20130318_731	196	208	2
WSJ_20130318_731	96	119	0
WSJ_20130318_731	50	52	3
WSJ_20130318_731	41	50	3
WSJ_20130318_731	133	174	0
WSJ_20130321_1145	307	313	0
WSJ_20130321_1145	78	85	2
WSJ_20130321_1145	284	307	0
WSJ_20130321_1145	78	87	2
WSJ_20130321_1145	218	220	0
WSJ_20130321_1145	112	118	2
WSJ_20130321_1145	118	132	3
WSJ_20130321_1145	284	289	4
WSJ_20130321_1145	220	223	3
WSJ_20130321_1145	266	284	1
WSJ_20130321_1145	78	118	1
WSJ_20130321_1145	87	100	2
WSJ_20130322_159	6	29	2
WSJ_20130322_159	310	318	5
WSJ_20130322_159	136	172	1
WSJ_20130322_159	195	235	2
WSJ_20130322_159	224	235	2
WSJ_20130322_159	308	365	1
WSJ_20130322_159	220	260	0
WSJ_20130322_159	58	62	4
WSJ_20130322_159	41	58	2
WSJ_20130322_159	58	66	2
WSJ_20130322_159	58	64	2
WSJ_20130322_159	308	327	3
WSJ_20130322_159	341	365	2
WSJ_20130322_159	6	30	2
WSJ_20130322_159	75	130	0
WSJ_20130322_159	272	283	3
WSJ_20130322_159	51	58	2
WSJ_20130322_159	120	130	2
WSJ_20130322_159	226	235	2
WSJ_20130322_159	239	255	1
WSJ_20130322_159	318	334	1
WSJ_20130322_159	207	235	2
WSJ_20130322_159	136	159	2
WSJ_20130322_159	272	308	2
WSJ_20130322_159	272	303	2
WSJ_20130322_159	6	75	0
WSJ_20130322_159	6	58	1
WSJ_20130322_159	220	235	1
WSJ_20130322_159	308	310	3
WSJ_20130322_159	192	235	2
WSJ_20130322_159	38	272	0
WSJ_20130322_159	308	318	2
WSJ_20130322_159	58	75	1
WSJ_20130322_159	172	235	1
WSJ_20130322_159	168	172	5
WSJ_20130322_159	6	18	4
WSJ_20130322_159	38	239	0
WSJ_20130322_159	277	308	0
WSJ_20130322_159	18	341	0
WSJ_20130322_159	75	105	2
WSJ_20130322_159	75	100	1
WSJ_20130322_159	130	136	0
WSJ_20130322_159	198	235	2
WSJ_20130322_159	46	58	2
WSJ_20130322_159	239	244	5
WSJ_20130322_159	272	277	4
WSJ_20130322_159	6	136	1
WSJ_20130322_159	75	83	0
WSJ_20130322_159	136	141	3
WSJ_20130322_159	75	89	4
WSJ_20130322_159	346	365	1
WSJ_20130322_804	279	286	3
WSJ_20130322_804	5	16	3
WSJ_20130322_804	279	289	2
WSJ_20130322_804	53	94	0
WSJ_20130322_804	279	305	2
WSJ_20130322_804	127	133	0
WSJ_20130322_804	127	131	0
WSJ_20130322_804	53	73	0
WSJ_20130322_804	121	127	4
WSJ_20130322_804	279	294	1
WSJ_20130322_804	279	291	2
WSJ_20130322_804	5	39	1
WSJ_20130322_804	53	81	0
WSJ_20130322_804	5	53	0
WSJ_20130322_804	217	220	0
WSJ_20130322_804	257	265	4
WSJ_20130322_804	94	121	1
WSJ_20130322_804	121	136	2
WSJ_20130322_804	94	103	1
WSJ_20130322_804	94	107	2
WSJ_20130322_804	265	277	0
WSJ_20130322_804	317	327	2
WSJ_20130322_804	265	279	0
WSJ_20130322_804	33	53	0
nyt_20130321_cyprus	88	98	1
nyt_20130321_cyprus	3	31	0
nyt_20130321_cyprus	589	594	0
nyt_20130321_cyprus	3	19	0
nyt_20130321_cyprus	467	472	0
nyt_20130321_cyprus	613	674	1
nyt_20130321_cyprus	613	656	4
nyt_20130321_cyprus	267	290	4
nyt_20130321_cyprus	181	238	0
nyt_20130321_cyprus	688	692	0
nyt_20130321_cyprus	308	314	1
nyt_20130321_cyprus	512	538	0
nyt_20130321_cyprus	290	306	2
nyt_20130321_cyprus	290	300	3
nyt_20130321_cyprus	340	369	1
nyt_20130321_cyprus	290	340	1
nyt_20130321_cyprus	538	559	0
nyt_20130321_cyprus	692	713	1
nyt_20130321_cyprus	173	181	2
nyt_20130321_cyprus	567	594	1
nyt_20130321_cyprus	67	93	2
nyt_20130321_cyprus	583	589	0
nyt_20130321_cyprus	11	67	0
nyt_20130321_cyprus	67	98	2
nyt_20130321_cyprus	681	688	2
nyt_20130321_cyprus	240	244	0
nyt_20130321_cyprus	708	713	0
nyt_20130321_cyprus	692	724	1
nyt_20130321_cyprus	377	381	4
nyt_20130321_cyprus	282	290	3
nyt_20130321_cyprus	559	562	0
nyt_20130321_cyprus	340	688	0
nyt_20130321_cyprus	67	72	0
nyt_20130321_cyprus	93	98	2
nyt_20130321_cyprus	67	77	4
nyt_20130321_cyprus	340	567	0
nyt_20130321_cyprus	11	54	1
nyt_20130321_cyprus	567	599	2
nyt_20130321_cyprus	538	545	2
nyt_20130321_cyprus	290	314	2
nyt_20130321_cyprus	674	688	2
nyt_20130321_cyprus	340	371	0
nyt_20130321_cyprus	512	517	0
nyt_20130321_cyprus	340	517	0
nyt_20130321_cyprus	679	688	3
nyt_20130321_cyprus	599	602	4
nyt_20130321_cyprus	334	340	2
nyt_20130321_cyprus	369	396	2
nyt_20130321_cyprus	369	377	2
nyt_20130321_cyprus	67	88	1
nyt_20130321_cyprus	567	583	3
bbc_20130322_332	5	22	2
bbc_20130322_332	142	181	1
bbc_20130322_332	268	313	0
bbc_20130322_332	268	310	0
bbc_20130322_332	268	296	0
bbc_20130322_332	275	307	0
bbc_20130322_332	268	298	1
bbc_20130322_332	275	303	3
bbc_20130322_332	56	58	3
bbc_20130322_332	119	142	2
bbc_20130322_332	30	33	5
bbc_20130322_332	30	35	2
bbc_20130322_332	181	189	1
bbc_20130322_332	206	214	0
bbc_20130322_332	161	181	3
bbc_20130322_332	142	155	2
bbc_20130322_332	30	56	2
bbc_20130322_332	84	94	3
bbc_20130322_332	119	123	4
bbc_20130322_332	56	84	2
bbc_20130322_332	233	268	1
bbc_20130322_332	275	313	0
bbc_20130322_332	5	30	2
bbc_20130322_332	268	303	0
bbc_20130322_332	268	307	0
bbc_20130322_332	5	15	3
bbc_20130322_332	223	233	0
bbc_20130322_332	94	98	3
bbc_20130322_332	5	8	3
bbc_20130322_332	30	50	0
bbc_20130322_332	317	329	1
bbc_20130322_332	275	310	0
bbc_20130322_332	206	268	0
bbc_20130322_332	94	104	2
bbc_20130322_332	329	339	2
bbc_20130322_332	142	148	3
bbc_20130322_332	206	223	1
bbc_20130322_332	94	119	2
bbc_20130322_332	329	334	4
bbc_20130322_332	329	337	2
bbc_20130322_332	119	135	2
bbc_20130322_332	123	133	2
bbc_20130322_332	119	133	3
bbc_20130322_332	275	296	4
bbc_20130322_332	275	298	2
bbc_20130322_332	233	255	2
bbc_20130322_332	233	235	3
bbc_20130322_332	329	357	0
nyt_20130321_women_senate	594	599	3
nyt_20130321_women_senate	45	65	4
nyt_20130321_women_senate	123	165	0
nyt_20130321_women_senate	594	613	2
nyt_20130321_women_senate	188	191	0
nyt_20130321_women_senate	59	65	4
nyt_20130321_women_senate	445	471	2
nyt_20130321_women_senate	516	522	0
nyt_20130321_women_senate	516	524	2
nyt_20130321_women_senate	364	380	1
nyt_20130321_women_senate	309	317	2
nyt_20130321_women_senate	156	165	0
nyt_20130321_women_senate	359	364	3
nyt_20130321_women_senate	116	123	3
nyt_20130321_women_senate	289	291	2
nyt_20130321_women_senate	553	578	2
nyt_20130321_women_senate	553	572	2
nyt_20130321_women_senate	289	298	2
nyt_20130321_women_senate	388	398	2
nyt_20130321_women_senate	388	420	0
nyt_20130321_women_senate	594	604	2
nyt_20130321_women_senate	553	594	1
nyt_20130321_women_senate	483	496	2
nyt_20130321_women_senate	109	123	1
nyt_20130321_women_senate	10	19	1
nyt_20130321_women_senate	516	518	3
nyt_20130321_women_senate	65	76	1
nyt_20130321_women_senate	553	555	1
nyt_20130321_women_senate	19	26	3
nyt_20130321_women_senate	351	364	1
nyt_20130321_women_senate	19	65	1
nyt_20130321_women_senate	613	617	0
nyt_20130321_women_senate	146	165	1
nyt_20130321_women_senate	317	327	1
WSJ_20130318_731	213	220	3
WSJ_20130318_731	4	50	1
WSJ_20130318_731	116	133	3
WSJ_20130318_731	116	119	4
WSJ_20130318_731	4	11	5
WSJ_20130318_731	184	252	0
WSJ_20130318_731	50	60	1
WSJ_20130318_731	11	19	2
WSJ_20130318_731	208	213	3
WSJ_20130318_731	133	144	2
WSJ_20130318_731	60	96	2
WSJ_20130318_731	174	184	0
WSJ_20130318_731	133	160	2
WSJ_20130318_731	116	127	2
WSJ_20130318_731	239	252	0
WSJ_20130318_731	184	190	1
WSJ_20130318_731	60	72	2
WSJ_20130318_731	184	196	1
WSJ_20130318_731	196	208	2
WSJ_20130318_731	96	119	0
WSJ_20130318_731	50	52	3
WSJ_20130318_731	41	50	3
WSJ_20130318_731	133	174	0
CNN_20130322_1243	383	430	1
CNN_20130322_1243	430	438	1
CNN_20130322_1243	359	370	2
CNN_20130322_1243	445	461	0
CNN_20130322_1243	473	486	4
CNN_20130322_1243	383	393	2
bbc_20130322_721	195	221	0
bbc_20130322_721	30	43	2
bbc_20130322_721	7	30	2
bbc_20130322_721	195	203	5
bbc_20130322_721	119	145	0
bbc_20130322_721	143	148	3
bbc_20130322_721	43	58	2
bbc_20130322_721	7	129	0
bbc_20130322_721	46	52	0
bbc_20130322_721	117	129	2
bbc_20130322_721	195	231	1
bbc_20130322_721	117	119	3
bbc_20130322_721	221	231	3
bbc_20130322_721	169	177	2
bbc_20130322_721	129	145	0
bbc_20130322_721	214	231	2
bbc_20130322_721	43	46	3
bbc_20130322_721	30	33	0
bbc_20130322_721	7	145	0
bbc_20130322_721	177	179	1
bbc_20130322_721	112	114	0
bbc_20130322_721	177	195	1
WSJ_20130322_159	6	29	2
WSJ_20130322_159	310	318	5
WSJ_20130322_159	136	172	1
WSJ_20130322_159	195	235	2
WSJ_20130322_159	224	235	2
WSJ_20130322_159	308	365	1
WSJ_20130322_159	220	260	0
WSJ_20130322_159	58	62	4
WSJ_20130322_159	41	58	2
WSJ_20130322_159	58	66	2
WSJ_20130322_159	58	64	2
WSJ_20130322_159	308	327	3
WSJ_20130322_159	341	365	2
WSJ_20130322_159	6	30	2
WSJ_20130322_159	75	130	0
WSJ_20130322_159	272	283	3
WSJ_20130322_159	51	58	2
WSJ_20130322_159	120	130	2
WSJ_20130322_159	226	235	2
WSJ_20130322_159	239	255	1
WSJ_20130322_159	318	334	1
WSJ_20130322_159	207	235	2
WSJ_20130322_159	136	159	2
WSJ_20130322_159	272	308	2
WSJ_20130322_159	272	303	2
WSJ_20130322_159	6	75	0
WSJ_20130322_159	6	58	1
WSJ_20130322_159	220	235	1
WSJ_20130322_159	308	310	3
WSJ_20130322_159	192	235	2
WSJ_20130322_159	38	272	0
WSJ_20130322_159	308	318	2
WSJ_20130322_159	58	75	1
WSJ_20130322_159	172	235	1
WSJ_20130322_159	168	172	5
WSJ_20130322_159	6	18	4
WSJ_20130322_159	38	239	0
WSJ_20130322_159	277	308	0
WSJ_20130322_159	18	341	0
WSJ_20130322_159	75	105	2
WSJ_20130322_159	75	100	1
WSJ_20130322_159	130	136	0
WSJ_20130322_159	198	235	2
WSJ_20130322_159	46	58	2
WSJ_20130322_159	239	244	5
WSJ_20130322_159	272	277	4
WSJ_20130322_159	6	136	1
WSJ_20130322_159	75	83	0
WSJ_20130322_159	136	141	3
WSJ_20130322_159	75	89	4
WSJ_20130322_159	346	365	1
nyt_20130322_strange_computer	252	263	2
nyt_20130322_strange_computer	208	219	2
nyt_20130322_strange_computer	208	241	1
nyt_20130322_strange_computer	156	173	0
nyt_20130322_strange_computer	127	129	3
nyt_20130322_strange_computer	36	44	2
nyt_20130322_strange_computer	183	208	1
nyt_20130322_strange_computer	252	281	2
nyt_20130322_strange_computer	252	261	2
nyt_20130322_strange_computer	156	162	0
nyt_20130322_strange_computer	296	300	1
nyt_20130322_strange_computer	208	221	2
nyt_20130322_strange_computer	252	256	3
nyt_20130322_strange_computer	208	252	1
nyt_20130322_strange_computer	138	156	0
nyt_20130322_strange_computer	156	168	0
nyt_20130322_strange_computer	208	228	2
bbc_20130322_1353	206	212	4
bbc_20130322_1353	178	202	2
bbc_20130322_1353	92	95	4
bbc_20130322_1353	74	84	4
bbc_20130322_1353	67	97	0
bbc_20130322_1353	178	191	2
bbc_20130322_1353	6	18	1
bbc_20130322_1353	152	157	5
bbc_20130322_1353	32	37	0
bbc_20130322_1353	178	197	2
bbc_20130322_1353	67	71	3
bbc_20130322_1353	42	51	3
bbc_20130322_1353	254	263	5
bbc_20130322_1353	116	138	2
bbc_20130322_1353	6	26	3
bbc_20130322_1353	245	254	4
bbc_20130322_1353	116	120	4
bbc_20130322_1353	95	97	0
bbc_20130322_1353	67	74	1
bbc_20130322_1353	76	84	5
bbc_20130322_1353	6	16	2
bbc_20130322_1353	202	212	3
bbc_20130322_1353	138	226	0
bbc_20130322_1353	226	227	3
bbc_20130322_1353	74	76	4
bbc_20130322_1353	191	197	3
bbc_20130322_1353	226	254	0
bbc_20130322_1353	26	152	0
bbc_20130322_1353	74	92	1
bbc_20130322_1353	138	159	2
bbc_20130322_1353	42	60	2
bbc_20130322_1353	42	67	2
bbc_20130322_1353	6	67	1
bbc_20130322_1353	92	116	2
bbc_20130322_1353	6	32	2
bbc_20130322_1353	18	26	3
bbc_20130322_1353	12	18	0
bbc_20130322_1353	6	34	2
bbc_20130322_1353	178	179	0
bbc_20130322_1353	138	152	4
bbc_20130322_1353	202	226	0
bbc_20130322_1353	226	232	1
bbc_20130322_1353	202	207	1
bbc_20130322_1353	202	206	4
bbc_20130322_1353	138	178	2
nyt_20130321_china_pollution	167	175	1
nyt_20130321_china_pollution	262	294	1
nyt_20130321_china_pollution	320	368	1
nyt_20130321_china_pollution	99	101	5
nyt_20130321_china_pollution	81	84	4
nyt_20130321_china_pollution	325	392	0
nyt_20130321_china_pollution	130	145	2
nyt_20130321_china_pollution	130	142	3
nyt_20130321_china_pollution	23	24	3
nyt_20130321_china_pollution	392	407	0
nyt_20130321_china_pollution	368	382	2
nyt_20130321_china_pollution	325	368	0
nyt_20130321_china_pollution	40	44	3
nyt_20130321_china_pollution	23	40	2
nyt_20130321_china_pollution	40	46	1
nyt_20130321_china_pollution	294	301	3
nyt_20130321_china_pollution	175	209	2
nyt_20130321_china_pollution	40	48	2
nyt_20130321_china_pollution	130	156	2
nyt_20130321_china_pollution	130	175	2
nyt_20130321_china_pollution	294	320	1
nyt_20130321_china_pollution	130	135	3
nyt_20130321_china_pollution	294	306	2
nyt_20130321_china_pollution	99	111	3
nyt_20130321_china_pollution	130	153	1
nyt_20130321_china_pollution	175	184	4
nyt_20130321_china_pollution	355	368	3
nyt_20130321_china_pollution	368	370	3
nyt_20130321_china_pollution	320	337	1
nyt_20130321_china_pollution	7	23	2
nyt_20130321_china_pollution	209	215	4
nyt_20130321_china_pollution	278	294	1
nyt_20130321_china_pollution	337	340	0
CNN_20130321_821	63	87	2
CNN_20130321_821	87	101	1
CNN_20130321_821	134	136	3
CNN_20130321_821	87	158	0
CNN_20130321_821	4	48	0
CNN_20130321_821	48	63	0
bbc_20130322_1150	121	122	1
bbc_20130322_1150	94	111	1
bbc_20130322_1150	197	208	0
bbc_20130322_1150	291	322	1
bbc_20130322_1150	419	425	2
bbc_20130322_1150	10	332	0
bbc_20130322_1150	139	177	0
bbc_20130322_1150	139	150	1
bbc_20130322_1150	354	385	1
bbc_20130322_1150	139	158	3
bbc_20130322_1150	27	55	2
bbc_20130322_1150	354	366	1
bbc_20130322_1150	185	197	1
bbc_20130322_1150	208	224	1
bbc_20130322_1150	75	87	2
bbc_20130322_1150	349	354	0
bbc_20130322_1150	10	15	3
bbc_20130322_1150	322	349	0
bbc_20130322_1150	15	441	0
bbc_20130322_1150	94	106	3
bbc_20130322_1150	15	399	0
bbc_20130322_1150	121	139	1
bbc_20130322_1150	94	121	2
bbc_20130322_1150	441	447	0
bbc_20130322_1150	385	425	0
bbc_20130322_1150	385	399	2
bbc_20130322_1150	425	462	0
bbc_20130322_1150	191	197	1
bbc_20130322_1150	55	75	2
bbc_20130322_1150	354	378	2
bbc_20130322_1150	139	147	3
bbc_20130322_1150	197	203	1
bbc_20130322_1150	285	291	2
bbc_20130322_1150	75	94	2
bbc_20130322_1150	10	375	0
bbc_20130322_1150	15	27	1
bbc_20130322_1150	208	230	1
bbc_20130322_1150	94	99	1
bbc_20130322_1150	15	408	0
CNN_20130322_248	5	28	2
CNN_20130322_248	75	78	2
CNN_20130322_248	5	56	0
CNN_20130322_248	56	58	3
CNN_20130322_248	43	50	3
CNN_20130322_248	78	81	3
CNN_20130322_248	56	60	1
CNN_20130322_248	5	20	3
CNN_20130322_248	56	68	1
CNN_20130322_248	8	18	0
CNN_20130322_248	50	56	1
CNN_20130322_248	5	8	4
CNN_20130322_248	143	152	2
CNN_20130322_248	28	30	3
CNN_20130322_248	36	50	1
CNN_20130322_248	82	89	2
CNN_20130322_248	111	152	2
CNN_20130322_248	5	50	1
CNN_20130322_248	5	75	0
CNN_20130322_314	11	17	3
CNN_20130322_314	132	135	2
CNN_20130322_314	132	137	3
CNN_20130322_314	181	206	0
CNN_20130322_314	132	151	1
CNN_20130322_314	181	192	2
CNN_20130322_314	151	181	1
CNN_20130322_314	197	206	3
CNN_20130322_314	4	17	2
CNN_20130322_314	4	33	2
CNN_20130322_314	4	57	1
CNN_20130322_314	151	157	0
CNN_20130322_314	24	157	0
CNN_20130322_314	4	11	4
CNN_20130322_314	4	14	2
CNN_20130322_314	206	210	3
CNN_20130322_314	57	75	1
CNN_20130322_314	24	57	0
CNN_20130322_314	4	31	2
CNN_20130322_314	181	185	3
CNN_20130322_314	181	188	4
CNN_20130322_314	49	57	2
CNN_20130322_314	4	24	3
CNN_20130322_314	120	132	2
CNN_20130322_314	206	228	0
CNN_20130322_314	75	120	2
CNN_20130322_314	24	75	0
CNN_20130322_314	75	107	2
CNN_20130322_314	11	24	2
CNN_20130322_314	75	85	5
CNN_20130322_314	75	103	3
WSJ_20130321_1145	307	313	0
WSJ_20130321_1145	78	85	2
WSJ_20130321_1145	284	307	0
WSJ_20130321_1145	78	87	2
WSJ_20130321_1145	218	220	0
WSJ_20130321_1145	112	118	2
WSJ_20130321_1145	118	132	3
WSJ_20130321_1145	284	289	4
WSJ_20130321_1145	220	223	3
WSJ_20130321_1145	266	284	1
WSJ_20130321_1145	78	118	1
WSJ_20130321_1145	87	100	2
nyt_20130321_sarkozy	6	125	0
nyt_20130321_sarkozy	89	119	2
nyt_20130321_sarkozy	125	135	2
nyt_20130321_sarkozy	51	89	2
nyt_20130321_sarkozy	125	138	1
nyt_20130321_sarkozy	89	93	3
nyt_20130321_sarkozy	119	125	1
nyt_20130321_sarkozy	51	52	4
nyt_20130321_sarkozy	6	40	2
nyt_20130321_sarkozy	14	18	3
nyt_20130321_sarkozy	89	100	2
nyt_20130321_sarkozy	6	51	2
nyt_20130321_sarkozy	125	151	2
nyt_20130321_sarkozy	125	152	2
nyt_20130321_sarkozy	6	18	2
nyt_20130321_sarkozy	119	122	6
nyt_20130321_sarkozy	6	11	3
WSJ_20130322_804	279	286	3
WSJ_20130322_804	5	16	3
WSJ_20130322_804	279	289	2
WSJ_20130322_804	53	94	0
WSJ_20130322_804	279	305	2
WSJ_20130322_804	127	133	0
WSJ_20130322_804	127	131	0
WSJ_20130322_804	53	73	0
WSJ_20130322_804	121	127	4
WSJ_20130322_804	279	294	1
WSJ_20130322_804	279	291	2
WSJ_20130322_804	5	39	1
WSJ_20130322_804	53	81	0
WSJ_20130322_804	5	53	0
WSJ_20130322_804	217	220	0
WSJ_20130322_804	257	265	4
WSJ_20130322_804	94	121	1
WSJ_20130322_804	121	136	2
WSJ_20130322_804	94	103	1
WSJ_20130322_804	94	107	2
WSJ_20130322_804	265	277	0
WSJ_20130322_804	317	327	2
WSJ_20130322_804	265	279	0
WSJ_20130322_804	33	53	0
CNN_20130322_1003	9	28	2
CNN_20130322_1003	195	217	0
CNN_20130322_1003	367	378	2
CNN_20130322_1003	367	372	1
CNN_20130322_1003	222	250	2
CNN_20130322_1003	323	350	1
CNN_20130322_1003	428	447	0
CNN_20130322_1003	200	217	1
CNN_20130322_1003	80	112	1
CNN_20130322_1003	153	161	3
CNN_20130322_1003	503	506	2
CNN_20130322_1003	80	93	3
CNN_20130322_1003	464	483	2
CNN_20130322_1003	104	112	4
CNN_20130322_1003	222	229	2
CNN_20130322_1003	476	483	3
CNN_20130322_1003	190	217	2
CNN_20130322_1003	360	367	3
CNN_20130322_1003	506	527	2
CNN_20130322_1003	350	360	1
CNN_20130322_1003	250	264	2
CNN_20130322_1003	523	527	1
CNN_20130322_1003	188	217	2
CNN_20130322_1003	130	284	0
CNN_20130322_1003	43	44	3
CNN_20130322_1003	161	165	1
CNN_20130322_1003	112	132	1
CNN_20130322_1003	112	117	3
CNN_20130322_1003	112	119	2
CNN_20130322_1003	345	350	3
CNN_20130322_1003	14	28	2
CNN_20130322_1003	136	161	2
CNN_20130322_1003	302	307	0
CNN_20130322_1003	7	28	2
CNN_20130322_1003	513	527	2
CNN_20130322_1003	309	323	3
CNN_20130322_1003	393	399	6
CNN_20130322_1003	393	428	1
CNN_20130322_1003	447	454	0
CNN_20130322_1003	43	80	1
CNN_20130322_1003	399	409	0
CNN_20130322_1003	468	483	2
CNN_20130322_1003	447	483	1
CNN_20130322_1003	67	80	0
CNN_20130322_1003	367	375	0
CNN_20130322_1003	483	506	2
CNN_20130322_1003	302	323	1
CNN_20130322_1003	428	436	1
CNN_20130322_1003	161	217	0
CNN_20130322_1003	281	287	1
CNN_20130322_1003	281	284	0
CNN_20130322_1003	250	255	2
CNN_20130322_1003	93	104	0
CNN_20130322_1003	112	161	1
CNN_20130322_1003	250	258	2
CNN_20130322_1003	28	161	0
CNN_20130322_1003	277	302	2
CNN_20130322_1003	287	290	0
CNN_20130322_1003	511	527	2
CNN_20130322_1003	360	365	5
CNN_20130322_1003	28	43	2
CNN_20130322_1003	277	284	2
CNN_20130322_1003	277	287	3
CNN_20130322_1003	277	281	1
CNN_20130322_1003	250	277	2
bbc_20130322_1600	122	158	1
bbc_20130322_1600	189	198	2
bbc_20130322_1600	40	43	3
bbc_20130322_1600	152	158	2
bbc_20130322_1600	179	198	0
bbc_20130322_1600	52	59	4
bbc_20130322_1600	2	5	0
bbc_20130322_1600	107	122	2
bbc_20130322_1600	122	144	2
bbc_20130322_1600	158	198	2
bbc_20130322_1600	122	128	1
bbc_20130322_1600	107	114	3
bbc_20130322_1600	4	107	0
bbc_20130322_1600	52	62	3
bbc_20130322_1600	122	126	3
bbc_20130322_1600	40	52	1
bbc_20130322_1600	52	74	2
bbc_20130322_1600	2	40	0
bbc_20130322_1600	2	15	0
AP_20130322	185	201	0
AP_20130322	171	185	3
AP_20130322	216	338	0
AP_20130322	24	32	1
AP_20130322	331	342	4
AP_20130322	76	91	2
AP_20130322	24	36	2
AP_20130322	91	98	6
AP_20130322	328	342	3
AP_20130322	45	60	3
AP_20130322	3	11	0
AP_20130322	294	320	2
AP_20130322	216	293	0
AP_20130322	268	294	0
AP_20130322	117	126	1
AP_20130322	181	185	2
AP_20130322	45	91	0
AP_20130322	165	185	3
AP_20130322	3	216	0
AP_20130322	24	45	2
