nyt_20130321_cyprus	88	98	0
nyt_20130321_cyprus	613	674	0
nyt_20130321_cyprus	613	656	1
nyt_20130321_cyprus	267	290	1
nyt_20130321_cyprus	308	314	1
nyt_20130321_cyprus	290	306	1
nyt_20130321_cyprus	290	300	3
nyt_20130321_cyprus	340	369	0
nyt_20130321_cyprus	290	340	0
nyt_20130321_cyprus	692	713	0
nyt_20130321_cyprus	567	594	1
nyt_20130321_cyprus	67	93	2
nyt_20130321_cyprus	567	599	0
nyt_20130321_cyprus	67	98	2
nyt_20130321_cyprus	681	688	0
nyt_20130321_cyprus	692	724	0
nyt_20130321_cyprus	377	381	3
nyt_20130321_cyprus	282	290	0
nyt_20130321_cyprus	93	98	1
nyt_20130321_cyprus	67	77	2
nyt_20130321_cyprus	11	54	0
nyt_20130321_cyprus	173	181	0
nyt_20130321_cyprus	538	545	0
nyt_20130321_cyprus	290	314	2
nyt_20130321_cyprus	674	688	2
nyt_20130321_cyprus	679	688	0
nyt_20130321_cyprus	599	602	0
nyt_20130321_cyprus	334	340	1
nyt_20130321_cyprus	369	396	2
nyt_20130321_cyprus	369	377	1
nyt_20130321_cyprus	67	88	0
nyt_20130321_cyprus	567	583	2
bbc_20130322_332	5	22	1
bbc_20130322_332	142	181	0
bbc_20130322_332	268	298	0
bbc_20130322_332	275	303	0
bbc_20130322_332	56	58	3
bbc_20130322_332	119	142	0
bbc_20130322_332	30	33	0
bbc_20130322_332	30	35	2
bbc_20130322_332	181	189	0
bbc_20130322_332	161	181	1
bbc_20130322_332	142	155	2
bbc_20130322_332	30	56	0
bbc_20130322_332	84	94	2
bbc_20130322_332	119	123	4
bbc_20130322_332	56	84	0
bbc_20130322_332	233	268	0
bbc_20130322_332	5	30	1
bbc_20130322_332	5	15	2
bbc_20130322_332	94	98	0
bbc_20130322_332	5	8	2
bbc_20130322_332	317	329	1
bbc_20130322_332	94	104	2
bbc_20130322_332	329	339	0
bbc_20130322_332	142	148	2
bbc_20130322_332	206	223	0
bbc_20130322_332	94	119	1
bbc_20130322_332	329	334	0
bbc_20130322_332	329	337	0
bbc_20130322_332	119	135	2
bbc_20130322_332	123	133	1
bbc_20130322_332	119	133	2
bbc_20130322_332	275	296	0
bbc_20130322_332	275	298	0
bbc_20130322_332	233	255	1
bbc_20130322_332	233	235	3
nyt_20130321_women_senate	594	599	0
nyt_20130321_women_senate	45	65	0
nyt_20130321_women_senate	594	613	2
nyt_20130321_women_senate	59	65	2
nyt_20130321_women_senate	445	471	1
nyt_20130321_women_senate	146	165	0
nyt_20130321_women_senate	516	524	0
nyt_20130321_women_senate	364	380	0
nyt_20130321_women_senate	309	317	0
nyt_20130321_women_senate	359	364	0
nyt_20130321_women_senate	116	123	1
nyt_20130321_women_senate	289	291	1
nyt_20130321_women_senate	553	578	2
nyt_20130321_women_senate	553	572	0
nyt_20130321_women_senate	289	298	0
nyt_20130321_women_senate	388	398	0
nyt_20130321_women_senate	594	604	2
nyt_20130321_women_senate	553	594	0
nyt_20130321_women_senate	483	496	1
nyt_20130321_women_senate	109	123	1
nyt_20130321_women_senate	10	19	0
nyt_20130321_women_senate	516	518	2
nyt_20130321_women_senate	65	76	0
nyt_20130321_women_senate	553	555	0
nyt_20130321_women_senate	19	26	2
nyt_20130321_women_senate	351	364	1
nyt_20130321_women_senate	19	65	1
nyt_20130321_women_senate	317	327	0
WSJ_20130318_731	50	60	1
WSJ_20130318_731	213	220	2
WSJ_20130318_731	4	50	1
WSJ_20130318_731	116	133	1
WSJ_20130318_731	184	196	1
WSJ_20130318_731	196	208	1
WSJ_20130318_731	50	52	2
WSJ_20130318_731	116	127	2
WSJ_20130318_731	208	213	3
WSJ_20130318_731	184	190	0
WSJ_20130318_731	133	144	2
WSJ_20130318_731	60	72	1
WSJ_20130318_731	11	19	0
WSJ_20130318_731	116	119	4
WSJ_20130318_731	4	11	1
WSJ_20130318_731	41	50	0
WSJ_20130318_731	60	96	1
WSJ_20130318_731	133	160	0
CNN_20130322_1243	383	430	1
CNN_20130322_1243	383	393	2
CNN_20130322_1243	430	438	0
CNN_20130322_1243	359	370	1
CNN_20130322_1243	473	486	1
bbc_20130322_721	195	231	0
bbc_20130322_721	117	119	2
bbc_20130322_721	30	43	0
bbc_20130322_721	7	30	0
bbc_20130322_721	177	179	0
bbc_20130322_721	195	203	5
bbc_20130322_721	221	231	2
bbc_20130322_721	169	177	0
bbc_20130322_721	214	231	2
bbc_20130322_721	143	148	2
bbc_20130322_721	43	58	0
bbc_20130322_721	117	129	1
bbc_20130322_721	177	195	0
bbc_20130322_721	43	46	0
WSJ_20130322_159	6	29	1
WSJ_20130322_159	310	318	3
WSJ_20130322_159	136	172	0
WSJ_20130322_159	195	235	2
WSJ_20130322_159	224	235	1
WSJ_20130322_159	308	365	1
WSJ_20130322_159	58	62	0
WSJ_20130322_159	41	58	0
WSJ_20130322_159	58	66	0
WSJ_20130322_159	58	64	0
WSJ_20130322_159	308	327	1
WSJ_20130322_159	341	365	1
WSJ_20130322_159	6	30	1
WSJ_20130322_159	272	283	3
WSJ_20130322_159	51	58	0
WSJ_20130322_159	120	130	0
WSJ_20130322_159	226	235	1
WSJ_20130322_159	239	255	0
WSJ_20130322_159	318	334	0
WSJ_20130322_159	207	235	1
WSJ_20130322_159	136	159	0
WSJ_20130322_159	272	308	2
WSJ_20130322_159	272	303	2
WSJ_20130322_159	6	58	1
WSJ_20130322_159	220	235	1
WSJ_20130322_159	308	310	3
WSJ_20130322_159	192	235	0
WSJ_20130322_159	308	318	1
WSJ_20130322_159	58	75	0
WSJ_20130322_159	172	235	0
WSJ_20130322_159	168	172	2
WSJ_20130322_159	6	18	2
WSJ_20130322_159	75	105	1
WSJ_20130322_159	75	100	1
WSJ_20130322_159	198	235	1
WSJ_20130322_159	46	58	0
WSJ_20130322_159	239	244	3
WSJ_20130322_159	272	277	2
WSJ_20130322_159	6	136	1
WSJ_20130322_159	136	141	2
WSJ_20130322_159	75	89	3
WSJ_20130322_159	346	365	1
nyt_20130322_strange_computer	252	263	2
nyt_20130322_strange_computer	208	219	2
nyt_20130322_strange_computer	208	241	0
nyt_20130322_strange_computer	127	129	0
nyt_20130322_strange_computer	36	44	0
nyt_20130322_strange_computer	183	208	0
nyt_20130322_strange_computer	252	281	2
nyt_20130322_strange_computer	252	261	2
nyt_20130322_strange_computer	296	300	1
nyt_20130322_strange_computer	208	221	2
nyt_20130322_strange_computer	252	256	2
nyt_20130322_strange_computer	208	252	1
nyt_20130322_strange_computer	208	228	0
bbc_20130322_1353	206	212	0
bbc_20130322_1353	178	202	0
bbc_20130322_1353	92	95	4
bbc_20130322_1353	74	84	1
bbc_20130322_1353	178	191	1
bbc_20130322_1353	6	18	0
bbc_20130322_1353	152	157	1
bbc_20130322_1353	178	197	2
bbc_20130322_1353	67	71	1
bbc_20130322_1353	42	51	3
bbc_20130322_1353	67	74	0
bbc_20130322_1353	116	138	1
bbc_20130322_1353	6	26	1
bbc_20130322_1353	245	254	1
bbc_20130322_1353	116	120	2
bbc_20130322_1353	254	263	4
bbc_20130322_1353	76	84	1
bbc_20130322_1353	6	16	2
bbc_20130322_1353	202	212	2
bbc_20130322_1353	226	227	1
bbc_20130322_1353	74	76	0
bbc_20130322_1353	191	197	2
bbc_20130322_1353	74	92	1
bbc_20130322_1353	138	159	0
bbc_20130322_1353	42	60	1
bbc_20130322_1353	42	67	0
bbc_20130322_1353	6	67	0
bbc_20130322_1353	92	116	2
bbc_20130322_1353	6	32	0
bbc_20130322_1353	18	26	1
bbc_20130322_1353	6	34	0
bbc_20130322_1353	138	152	0
bbc_20130322_1353	226	232	1
bbc_20130322_1353	202	207	1
bbc_20130322_1353	202	206	3
bbc_20130322_1353	138	178	0
nyt_20130321_china_pollution	167	175	0
nyt_20130321_china_pollution	262	294	0
nyt_20130321_china_pollution	320	368	0
nyt_20130321_china_pollution	99	101	4
nyt_20130321_china_pollution	81	84	4
nyt_20130321_china_pollution	294	306	1
nyt_20130321_china_pollution	130	145	1
nyt_20130321_china_pollution	130	142	1
nyt_20130321_china_pollution	23	24	0
nyt_20130321_china_pollution	368	382	2
nyt_20130321_china_pollution	40	44	1
nyt_20130321_china_pollution	23	40	0
nyt_20130321_china_pollution	40	46	0
nyt_20130321_china_pollution	294	301	0
nyt_20130321_china_pollution	175	209	2
nyt_20130321_china_pollution	40	48	1
nyt_20130321_china_pollution	130	175	1
nyt_20130321_china_pollution	294	320	1
nyt_20130321_china_pollution	130	135	3
nyt_20130321_china_pollution	130	156	2
nyt_20130321_china_pollution	99	111	1
nyt_20130321_china_pollution	130	153	0
nyt_20130321_china_pollution	175	184	0
nyt_20130321_china_pollution	355	368	3
nyt_20130321_china_pollution	368	370	0
nyt_20130321_china_pollution	320	337	0
nyt_20130321_china_pollution	7	23	0
nyt_20130321_china_pollution	209	215	4
nyt_20130321_china_pollution	278	294	1
CNN_20130321_821	87	101	0
CNN_20130321_821	134	136	3
CNN_20130321_821	63	87	0
bbc_20130322_1150	121	122	0
bbc_20130322_1150	94	111	1
bbc_20130322_1150	291	322	0
bbc_20130322_1150	419	425	0
bbc_20130322_1150	191	197	1
bbc_20130322_1150	139	150	1
bbc_20130322_1150	354	385	0
bbc_20130322_1150	139	158	3
bbc_20130322_1150	27	55	0
bbc_20130322_1150	354	366	0
bbc_20130322_1150	185	197	1
bbc_20130322_1150	208	224	0
bbc_20130322_1150	75	87	0
bbc_20130322_1150	10	15	1
bbc_20130322_1150	94	106	2
bbc_20130322_1150	121	139	1
bbc_20130322_1150	94	121	1
bbc_20130322_1150	385	399	1
bbc_20130322_1150	55	75	0
bbc_20130322_1150	354	378	0
bbc_20130322_1150	139	147	1
bbc_20130322_1150	197	203	1
bbc_20130322_1150	285	291	0
bbc_20130322_1150	75	94	0
bbc_20130322_1150	15	27	0
bbc_20130322_1150	208	230	0
bbc_20130322_1150	94	99	0
CNN_20130322_248	5	28	2
CNN_20130322_248	75	78	1
CNN_20130322_248	56	58	3
CNN_20130322_248	43	50	3
CNN_20130322_248	78	81	2
CNN_20130322_248	56	60	0
CNN_20130322_248	5	20	1
CNN_20130322_248	56	68	0
CNN_20130322_248	50	56	1
CNN_20130322_248	5	8	4
CNN_20130322_248	143	152	1
CNN_20130322_248	28	30	3
CNN_20130322_248	36	50	1
CNN_20130322_248	82	89	0
CNN_20130322_248	111	152	0
CNN_20130322_248	5	50	1
CNN_20130322_314	11	17	0
CNN_20130322_314	132	135	1
CNN_20130322_314	132	137	1
CNN_20130322_314	132	151	0
CNN_20130322_314	181	192	1
CNN_20130322_314	151	181	1
CNN_20130322_314	197	206	0
CNN_20130322_314	4	17	0
CNN_20130322_314	4	33	1
CNN_20130322_314	4	57	0
CNN_20130322_314	4	11	3
CNN_20130322_314	4	14	0
CNN_20130322_314	206	210	1
CNN_20130322_314	57	75	0
CNN_20130322_314	4	31	1
CNN_20130322_314	181	185	1
CNN_20130322_314	181	188	3
CNN_20130322_314	49	57	2
CNN_20130322_314	4	24	1
CNN_20130322_314	120	132	1
CNN_20130322_314	75	120	0
CNN_20130322_314	75	107	1
CNN_20130322_314	11	24	0
CNN_20130322_314	75	85	2
CNN_20130322_314	75	103	0
WSJ_20130321_1145	87	100	1
WSJ_20130321_1145	78	85	0
WSJ_20130321_1145	78	87	0
WSJ_20130321_1145	112	118	1
WSJ_20130321_1145	118	132	1
WSJ_20130321_1145	284	289	1
WSJ_20130321_1145	220	223	2
WSJ_20130321_1145	266	284	1
WSJ_20130321_1145	78	118	0
nyt_20130321_sarkozy	89	119	2
nyt_20130321_sarkozy	125	135	1
nyt_20130321_sarkozy	51	89	1
nyt_20130321_sarkozy	125	138	0
nyt_20130321_sarkozy	89	93	3
nyt_20130321_sarkozy	119	125	0
nyt_20130321_sarkozy	51	52	1
nyt_20130321_sarkozy	6	40	0
nyt_20130321_sarkozy	14	18	2
nyt_20130321_sarkozy	89	100	0
nyt_20130321_sarkozy	6	51	1
nyt_20130321_sarkozy	125	151	2
nyt_20130321_sarkozy	125	152	2
nyt_20130321_sarkozy	6	18	0
nyt_20130321_sarkozy	119	122	4
nyt_20130321_sarkozy	6	11	1
WSJ_20130322_804	279	294	1
WSJ_20130322_804	279	286	0
WSJ_20130322_804	121	136	0
WSJ_20130322_804	121	127	3
WSJ_20130322_804	5	39	1
WSJ_20130322_804	94	103	1
WSJ_20130322_804	94	107	0
WSJ_20130322_804	279	289	0
WSJ_20130322_804	5	16	2
WSJ_20130322_804	279	305	2
WSJ_20130322_804	94	121	0
WSJ_20130322_804	257	265	2
WSJ_20130322_804	317	327	1
WSJ_20130322_804	279	291	2
CNN_20130322_1003	9	28	1
CNN_20130322_1003	367	378	0
CNN_20130322_1003	367	372	1
CNN_20130322_1003	222	250	0
CNN_20130322_1003	323	350	1
CNN_20130322_1003	28	43	1
CNN_20130322_1003	200	217	1
CNN_20130322_1003	80	112	1
CNN_20130322_1003	153	161	2
CNN_20130322_1003	503	506	2
CNN_20130322_1003	80	93	2
CNN_20130322_1003	464	483	2
CNN_20130322_1003	104	112	2
CNN_20130322_1003	222	229	1
CNN_20130322_1003	476	483	2
CNN_20130322_1003	190	217	2
CNN_20130322_1003	360	367	0
CNN_20130322_1003	506	527	1
CNN_20130322_1003	350	360	0
CNN_20130322_1003	250	264	1
CNN_20130322_1003	523	527	0
CNN_20130322_1003	188	217	1
CNN_20130322_1003	43	44	2
CNN_20130322_1003	161	165	1
CNN_20130322_1003	112	132	0
CNN_20130322_1003	112	117	3
CNN_20130322_1003	112	119	1
CNN_20130322_1003	345	350	0
CNN_20130322_1003	136	161	1
CNN_20130322_1003	7	28	1
CNN_20130322_1003	513	527	1
CNN_20130322_1003	309	323	0
CNN_20130322_1003	393	399	5
CNN_20130322_1003	393	428	1
CNN_20130322_1003	43	80	1
CNN_20130322_1003	468	483	1
CNN_20130322_1003	447	483	0
CNN_20130322_1003	483	506	1
CNN_20130322_1003	302	323	1
CNN_20130322_1003	428	436	0
CNN_20130322_1003	281	287	0
CNN_20130322_1003	250	255	0
CNN_20130322_1003	112	161	1
CNN_20130322_1003	250	258	0
CNN_20130322_1003	14	28	1
CNN_20130322_1003	277	302	2
CNN_20130322_1003	511	527	0
CNN_20130322_1003	360	365	3
CNN_20130322_1003	277	284	1
CNN_20130322_1003	277	287	2
CNN_20130322_1003	277	281	1
CNN_20130322_1003	250	277	1
bbc_20130322_1600	122	158	1
bbc_20130322_1600	189	198	0
bbc_20130322_1600	40	43	3
bbc_20130322_1600	152	158	0
bbc_20130322_1600	52	59	0
bbc_20130322_1600	107	122	1
bbc_20130322_1600	122	144	0
bbc_20130322_1600	122	128	0
bbc_20130322_1600	107	114	1
bbc_20130322_1600	158	198	1
bbc_20130322_1600	52	62	0
bbc_20130322_1600	122	126	2
bbc_20130322_1600	40	52	0
bbc_20130322_1600	52	74	0
AP_20130322	171	185	3
AP_20130322	24	32	0
AP_20130322	165	185	3
AP_20130322	76	91	0
AP_20130322	24	36	1
AP_20130322	91	98	0
AP_20130322	328	342	0
AP_20130322	45	60	1
AP_20130322	294	320	1
AP_20130322	117	126	0
AP_20130322	181	185	2
AP_20130322	331	342	1
AP_20130322	24	45	1
